# W_Value Elastic Inelastic
5.00000000e+00	3.44458210e+01	1.20860668e+01
5.05357767e+00	3.37084394e+01	1.18488955e+01
5.10772945e+00	3.29787261e+01	1.16136776e+01
5.16246150e+00	3.22571207e+01	1.13805649e+01
5.21778003e+00	3.15440186e+01	1.11496927e+01
5.27369133e+00	3.08397734e+01	1.09211830e+01
5.33020174e+00	3.01446998e+01	1.06950860e+01
5.38731770e+00	2.94590760e+01	1.04715697e+01
5.44504568e+00	2.87831462e+01	1.02507906e+01
5.50339225e+00	2.81171225e+01	1.00327635e+01
5.56236404e+00	2.74611873e+01	9.81755852e+00
5.62196774e+00	2.68154951e+01	9.60524211e+00
5.68221012e+00	2.61801744e+01	9.39587473e+00
5.74309804e+00	2.55553297e+01	9.18950072e+00
5.80463840e+00	2.49410430e+01	8.98616065e+00
5.86683820e+00	2.43373753e+01	8.78589038e+00
5.92970450e+00	2.37443681e+01	8.58871293e+00
5.99324445e+00	2.31620453e+01	8.39465534e+00
6.05746526e+00	2.25904139e+01	8.20373739e+00
6.12237423e+00	2.20294656e+01	8.01596704e+00
6.18797874e+00	2.14791778e+01	7.83135281e+00
6.25428623e+00	2.09395150e+01	7.64989869e+00
6.32130425e+00	2.04104296e+01	7.47159829e+00
6.38904040e+00	1.98918628e+01	7.29644639e+00
6.45750237e+00	1.93837461e+01	7.12443669e+00
6.52669796e+00	1.88860013e+01	6.95555694e+00
6.59663501e+00	1.83985421e+01	6.78979462e+00
6.66732148e+00	1.79212744e+01	6.62712972e+00
6.73876538e+00	1.74540972e+01	6.46754072e+00
6.81097485e+00	1.69969033e+01	6.31100979e+00
6.88395808e+00	1.65495797e+01	6.15750993e+00
6.95772337e+00	1.61120086e+01	6.00701388e+00
7.03227909e+00	1.56840674e+01	5.85949528e+00
7.10763371e+00	1.52656299e+01	5.71492358e+00
7.18379580e+00	1.48565662e+01	5.57326749e+00
7.26077400e+00	1.44567432e+01	5.43449450e+00
7.33857707e+00	1.40660255e+01	5.29857272e+00
7.41721384e+00	1.36842753e+01	5.16546718e+00
7.49669325e+00	1.33113529e+01	5.03514094e+00
7.57702432e+00	1.29471171e+01	4.90755736e+00
7.65821617e+00	1.25914255e+01	4.78267930e+00
7.74027805e+00	1.22441346e+01	4.66047043e+00
7.82321926e+00	1.19051006e+01	4.54089103e+00
7.90704923e+00	1.15741790e+01	4.42390178e+00
7.99177748e+00	1.12512251e+01	4.30946491e+00
8.07741364e+00	1.09360943e+01	4.19754275e+00
8.16396744e+00	1.06286423e+01	4.08809653e+00
8.25144871e+00	1.03287251e+01	3.98108423e+00
8.33986738e+00	1.00361992e+01	3.87646666e+00
8.42923351e+00	9.75092189e+00	3.77420690e+00
8.51955725e+00	9.47275143e+00	3.67426259e+00
8.61084885e+00	9.20154691e+00	3.57659237e+00
8.70311869e+00	8.93716813e+00	3.48115874e+00
8.79637726e+00	8.67947698e+00	3.38792438e+00
8.89063513e+00	8.42833664e+00	3.29684842e+00
8.98590303e+00	8.18361082e+00	3.20788858e+00
9.08219178e+00	7.94516510e+00	3.12100827e+00
9.17951231e+00	7.71286661e+00	3.03616930e+00
9.27787568e+00	7.48658408e+00	2.95333425e+00
9.37729307e+00	7.26618787e+00	2.87246669e+00
9.47777577e+00	7.05155007e+00	2.79352661e+00
9.57933520e+00	6.84254448e+00	2.71647752e+00
9.68198289e+00	6.63904670e+00	2.64128399e+00
9.78573050e+00	6.44093411e+00	2.56790676e+00
9.89058983e+00	6.24808595e+00	2.49631003e+00
9.99657278e+00	6.06038332e+00	2.42645937e+00
1.01036914e+01	5.87770917e+00	2.35831941e+00
1.02119578e+01	5.69994836e+00	2.29185571e+00
1.03213844e+01	5.52698765e+00	2.22703437e+00
1.04319836e+01	5.35871569e+00	2.16382175e+00
1.05437678e+01	5.19502305e+00	2.10218331e+00
1.06567499e+01	5.03580221e+00	2.04208645e+00
1.07709427e+01	4.88094748e+00	1.98349875e+00
1.08863591e+01	4.73035523e+00	1.92638755e+00
1.10030122e+01	4.58392376e+00	1.87072194e+00
1.11209154e+01	4.44155307e+00	1.81647084e+00
1.12400819e+01	4.30314514e+00	1.76360371e+00
1.13605254e+01	4.16860380e+00	1.71209143e+00
1.14822595e+01	4.03783475e+00	1.66190534e+00
1.16052980e+01	3.91074553e+00	1.61301515e+00
1.17296550e+01	3.78724549e+00	1.56539208e+00
1.18553445e+01	3.66724583e+00	1.51900911e+00
1.19823809e+01	3.55065949e+00	1.47383758e+00
1.21107785e+01	3.43740121e+00	1.42985007e+00
1.22405519e+01	3.32738749e+00	1.38702088e+00
1.23717160e+01	3.22053653e+00	1.34532344e+00
1.25042855e+01	3.11676827e+00	1.30473201e+00
1.26382756e+01	3.01600433e+00	1.26522089e+00
1.27737015e+01	2.91816797e+00	1.22676552e+00
1.29105785e+01	2.82318413e+00	1.18934219e+00
1.30489222e+01	2.73097936e+00	1.15292635e+00
1.31887484e+01	2.64148178e+00	1.11749573e+00
1.33300729e+01	2.55462111e+00	1.08302649e+00
1.34729117e+01	2.47032860e+00	1.04949529e+00
1.36172812e+01	2.38853703e+00	1.01688161e+00
1.37631976e+01	2.30918069e+00	9.85162771e-01
1.39106776e+01	2.23219532e+00	9.54317374e-01
1.40597379e+01	2.15751814e+00	9.24324729e-01
1.42103955e+01	2.08508777e+00	8.95163911e-01
1.43626675e+01	2.01484423e+00	8.66815732e-01
1.45165711e+01	1.94672895e+00	8.39260631e-01
1.46721240e+01	1.88068467e+00	8.12479097e-01
1.48293436e+01	1.81665549e+00	7.86452507e-01
1.49882479e+01	1.75458679e+00	7.61161820e-01
1.51488550e+01	1.69442526e+00	7.36588402e-01
1.53111831e+01	1.63611881e+00	7.12715167e-01
1.54752506e+01	1.57961661e+00	6.89524993e-01
1.56410761e+01	1.52486903e+00	6.67000454e-01
1.58086786e+01	1.47182763e+00	6.45124786e-01
1.59780770e+01	1.42044512e+00	6.23882237e-01
1.61492907e+01	1.37067537e+00	6.03257395e-01
1.63223389e+01	1.32247336e+00	5.83234457e-01
1.64972415e+01	1.27579516e+00	5.63797525e-01
1.66740182e+01	1.23059792e+00	5.44931981e-01
1.68526893e+01	1.18683983e+00	5.26623187e-01
1.70332748e+01	1.14448014e+00	5.08856509e-01
1.72157954e+01	1.10347908e+00	4.91618227e-01
1.74002719e+01	1.06379787e+00	4.74894821e-01
1.75867251e+01	1.02539873e+00	4.58672825e-01
1.77751762e+01	9.88244790e-01	4.42938921e-01
1.79656467e+01	9.52300126e-01	4.27680675e-01
1.81581582e+01	9.17529720e-01	4.12885561e-01
1.83527326e+01	8.83899444e-01	3.98541029e-01
1.85493919e+01	8.51376035e-01	3.84635420e-01
1.87481585e+01	8.19927086e-01	3.71156949e-01
1.89490551e+01	7.89521021e-01	3.58094249e-01
1.91521043e+01	7.60127076e-01	3.45436450e-01
1.93573293e+01	7.31715286e-01	3.33172169e-01
1.95647534e+01	7.04256463e-01	3.21290800e-01
1.97744002e+01	6.77722183e-01	3.09782189e-01
1.99862935e+01	6.52084765e-01	2.98636083e-01
2.02004573e+01	6.27317254e-01	2.87842574e-01
2.04169159e+01	6.03393410e-01	2.77391998e-01
2.06356941e+01	5.80287686e-01	2.67274837e-01
2.08568166e+01	5.57975216e-01	2.57482089e-01
2.10803085e+01	5.36431796e-01	2.48004470e-01
2.13061952e+01	5.15633872e-01	2.38832839e-01
2.15345025e+01	4.95558524e-01	2.29958964e-01
2.17652562e+01	4.76183452e-01	2.21374318e-01
2.19984825e+01	4.57486958e-01	2.13070566e-01
2.22342080e+01	4.39447936e-01	2.05039902e-01
2.24724594e+01	4.22045858e-01	1.97274848e-01
2.27132638e+01	4.05260757e-01	1.89767901e-01
2.29566485e+01	3.89073216e-01	1.82511272e-01
2.32026413e+01	3.73464357e-01	1.75497687e-01
2.34512700e+01	3.58415822e-01	1.68720336e-01
2.37025628e+01	3.43909769e-01	1.62172159e-01
2.39565484e+01	3.29928850e-01	1.55846382e-01
2.42132556e+01	3.16456207e-01	1.49736596e-01
2.44727136e+01	3.03475457e-01	1.43836438e-01
2.47349518e+01	2.90970680e-01	1.38139738e-01
2.50000000e+01	2.78926408e-01	1.32640335e-01
2.52678883e+01	2.67327613e-01	1.27332243e-01
2.55386473e+01	2.56159699e-01	1.22209822e-01
2.58123075e+01	2.45408489e-01	1.17267417e-01
2.60889001e+01	2.35060215e-01	1.12499563e-01
2.63684566e+01	2.25101508e-01	1.07900896e-01
2.66510087e+01	2.15519386e-01	1.03466327e-01
2.69365885e+01	2.06301249e-01	9.91908493e-02
2.72252284e+01	1.97434864e-01	9.50694248e-02
2.75169613e+01	1.88908360e-01	9.10973227e-02
2.78118202e+01	1.80710216e-01	8.72699217e-02
2.81098387e+01	1.72829252e-01	8.35826698e-02
2.84110506e+01	1.65254623e-01	8.00310910e-02
2.87154902e+01	1.57975808e-01	7.66108896e-02
2.90231920e+01	1.50982601e-01	7.33179556e-02
2.93341910e+01	1.44265105e-01	7.01482207e-02
2.96485225e+01	1.37813722e-01	6.70977031e-02
2.99662222e+01	1.31619149e-01	6.41625301e-02
3.02873263e+01	1.25672362e-01	6.13389756e-02
3.06118712e+01	1.19964620e-01	5.86233996e-02
3.09398937e+01	1.14487446e-01	5.60122409e-02
3.12714312e+01	1.09232629e-01	5.35021062e-02
3.16065212e+01	1.04192212e-01	5.10896275e-02
3.19452020e+01	9.93584863e-02	4.87715316e-02
3.22875119e+01	9.47239853e-02	4.65446514e-02
3.26334898e+01	9.02814776e-02	4.44060288e-02
3.29831751e+01	8.60239605e-02	4.23526257e-02
3.33366074e+01	8.19446540e-02	4.03813531e-02
3.36938269e+01	7.80369945e-02	3.84895028e-02
3.40548743e+01	7.42946291e-02	3.66744084e-02
3.44197904e+01	7.07114094e-02	3.49334252e-02
3.47886168e+01	6.72813862e-02	3.32639336e-02
3.51613954e+01	6.39988037e-02	3.16634153e-02
3.55381685e+01	6.08580942e-02	3.01294711e-02
3.59189790e+01	5.78538728e-02	2.86597893e-02
3.63038700e+01	5.49809324e-02	2.72520258e-02
3.66928854e+01	5.22342381e-02	2.59039111e-02
3.70860692e+01	4.96089230e-02	2.46133965e-02
3.74834662e+01	4.71002831e-02	2.33783735e-02
3.78851216e+01	4.47037725e-02	2.21967285e-02
3.82910809e+01	4.24149990e-02	2.10665209e-02
3.87013902e+01	4.02297195e-02	1.99858995e-02
3.91160963e+01	3.81438360e-02	1.89529977e-02
3.95352461e+01	3.61533910e-02	1.79660650e-02
3.99588874e+01	3.42545633e-02	1.70234223e-02
4.03870682e+01	3.24436646e-02	1.61233741e-02
4.08198372e+01	3.07171347e-02	1.52642121e-02
4.12572435e+01	2.90715385e-02	1.44443596e-02
4.16993369e+01	2.75035616e-02	1.36623244e-02
4.21461676e+01	2.60100070e-02	1.29166344e-02
4.25977862e+01	2.45877918e-02	1.22059387e-02
4.30542443e+01	2.32339431e-02	1.15288224e-02
4.35155935e+01	2.19455951e-02	1.08838883e-02
4.39818863e+01	2.07199857e-02	1.02698651e-02
4.44531757e+01	1.95544535e-02	9.68552840e-03
4.49295152e+01	1.84464343e-02	9.12969545e-03
4.54109589e+01	1.73934583e-02	8.60121085e-03
4.58975616e+01	1.63931471e-02	8.09891715e-03
4.63893784e+01	1.54432111e-02	7.62173432e-03
4.68864654e+01	1.45414461e-02	7.16861112e-03
4.73888789e+01	1.36857312e-02	6.73852910e-03
4.78966760e+01	1.28740257e-02	6.33050781e-03
4.84099144e+01	1.21043668e-02	5.94358487e-03
4.89286525e+01	1.13748669e-02	5.57687628e-03
4.94529491e+01	1.06837114e-02	5.22949953e-03
4.99828639e+01	1.00291560e-02	4.90058760e-03
5.05184569e+01	9.40952456e-03	4.58932037e-03
5.10597892e+01	8.82320689e-03	4.29491717e-03
5.16069221e+01	8.26865648e-03	4.01661987e-03
5.21599178e+01	7.74438840e-03	3.75369965e-03
5.27188391e+01	7.24897722e-03	3.50544261e-03
5.32837496e+01	6.78105499e-03	3.27116664e-03
5.38547134e+01	6.33930931e-03	3.05022687e-03
5.44317954e+01	5.92248137e-03	2.84199154e-03
5.50150612e+01	5.52936418e-03	2.64585325e-03
5.56045769e+01	5.15880068e-03	2.46122682e-03
5.62004096e+01	4.80968209e-03	2.28755723e-03
5.68026270e+01	4.48094611e-03	2.12431037e-03
5.74112975e+01	4.17157538e-03	1.97096137e-03
5.80264902e+01	3.88059577e-03	1.82701681e-03
5.86482750e+01	3.60707490e-03	1.69200530e-03
5.92767225e+01	3.35012062e-03	1.56546466e-03
5.99119043e+01	3.10887951e-03	1.44695754e-03
6.05538923e+01	2.88253547e-03	1.33606605e-03
6.12027596e+01	2.67030836e-03	1.23238583e-03
6.18585798e+01	2.47145265e-03	1.13552993e-03
6.25214275e+01	2.28525611e-03	1.04513038e-03
6.31913780e+01	2.11103855e-03	9.60834535e-04
6.38685073e+01	1.94815060e-03	8.82304994e-04
6.45528924e+01	1.79597255e-03	8.09216395e-04
6.52446111e+01	1.65391317e-03	7.41257766e-04
6.59437420e+01	1.52140861e-03	6.78135255e-04
6.66503644e+01	1.39792131e-03	6.19565691e-04
6.73645586e+01	1.28293899e-03	5.65280269e-04
6.80864058e+01	1.17597362e-03	5.15022866e-04
6.88159879e+01	1.07656043e-03	4.68549098e-04
6.95533880e+01	9.84256995e-04	4.25625323e-04
7.02986897e+01	8.98642308e-04	3.86029732e-04
7.10519776e+01	8.19315896e-04	3.49552730e-04
7.18133375e+01	7.45896974e-04	3.15992185e-04
7.25828557e+01	6.78023623e-04	2.85157189e-04
7.33606198e+01	6.15351996e-04	2.56867633e-04
7.41467180e+01	5.57555556e-04	2.30952483e-04
7.49412396e+01	5.04324337e-04	2.07250392e-04
7.57442750e+01	4.55364238e-04	1.85606425e-04
7.65559153e+01	4.10396338e-04	1.65873826e-04
7.73762528e+01	3.69156242e-04	1.47915693e-04
7.82053807e+01	3.31393452e-04	1.31602334e-04
7.90433930e+01	2.96870756e-04	1.16810551e-04
7.98903852e+01	2.65363601e-04	1.03424900e-04
8.07464533e+01	2.36659640e-04	9.13369644e-05
8.16116946e+01	2.10558205e-04	8.04441640e-05
8.24862075e+01	1.86869672e-04	7.06505722e-05
8.33700912e+01	1.65415039e-04	6.18660335e-05
8.42634463e+01	1.46025455e-04	5.40058712e-05
8.51663741e+01	1.28541773e-04	4.69913407e-05
8.60789772e+01	1.12814125e-04	4.07484303e-05
8.70013594e+01	9.87014840e-05	3.52081480e-05
8.79336254e+01	8.60713352e-05	3.03062889e-05
8.88758811e+01	7.47992553e-05	2.59831488e-05
8.98282336e+01	6.47685953e-05	2.21834023e-05
9.07907911e+01	5.58701700e-05	1.88555383e-05
9.17636629e+01	4.80018320e-05	1.59519325e-05
9.27469595e+01	4.10682141e-05	1.34287049e-05
9.37407927e+01	3.49804309e-05	1.12454488e-05
9.47452753e+01	2.96557934e-05	9.36498694e-06
9.57605215e+01	2.50175324e-05	7.75313916e-06
9.67866466e+01	2.09945333e-05	6.37870209e-06
9.78237671e+01	1.75210785e-05	5.21326589e-06
9.88720010e+01	1.45365970e-05	4.23085264e-06
9.99314673e+01	1.19854218e-05	3.40790556e-06
1.01002286e+02	9.81655132e-06	2.72323717e-06
1.02084580e+02	7.98341705e-06	2.15770893e-06
1.03178470e+02	6.44365396e-06	1.69412701e-06
1.04284083e+02	5.15887494e-06	1.31714500e-06
1.05401542e+02	4.09443541e-06	1.01318792e-06
1.06530976e+02	3.21923910e-06	7.70398436e-07
1.07672512e+02	2.50550062e-06	5.78412958e-07
1.08826281e+02	1.92853892e-06	4.28262631e-07
1.09992413e+02	1.46657476e-06	3.12253219e-07
1.11171040e+02	1.10046251e-06	2.23813860e-07
1.12362297e+02	8.13542158e-07	1.57380980e-07
1.13566319e+02	5.91429802e-07	1.08304563e-07
1.14783243e+02	4.21774763e-07	7.27153166e-08
1.16013206e+02	2.94086028e-07	4.74378742e-08
1.17256350e+02	1.99541472e-07	2.99101714e-08
1.18512814e+02	1.30804004e-07	1.80859884e-08
1.19782742e+02	8.18456541e-08	1.03583714e-08
1.21066278e+02	4.77806422e-08	5.49299936e-09
1.22363568e+02	2.47083695e-08	2.56352862e-09
1.23674759e+02	9.56723292e-09	8.92081813e-10
